83 80 85 184 181 78 193 150 179 76 161 148 153 146 163 276 287 144 165 172 279 142 167 170 135 140 137
86 183 82 79 194 185 180 77 192 149 152 75 162 275 288 145 164 277 286 143 166 171 280 141 138 169 134
81 84 195 182 209 202 191 186 151 178 157 160 147 154 175 274 439 442 173 278 285 430 295 168 281 136 139
196 87 208 203 198 213 188 201 190 159 74 155 176 289 440 443 174 291 438 447 456 293 284 429 296 133 282
207 204 197 222 215 210 199 212 187 156 177 158 73 444 273 290 441 446 455 292 437 464 431 294 283 428 297
88 221 206 217 226 223 214 189 200 45 26 59 48 63 72 445 272 453 448 465 474 457 436 463 432 425 132
205 218 227 224 235 216 211 44 25 58 41 46 29 60 49 62 449 466 451 454 469 462 473 458 435 298 427
228 89 220 233 230 225 22 57 42 27 6 31 40 47 64 71 452 271 468 475 484 481 470 433 426 131 424
219 232 229 236 249 234 43 20 13 24 33 28 3 30 61 50 467 450 485 482 477 472 461 480 459 434 299
90 237 248 231 240 21 56 23 34 7 10 5 32 39 70 65 270 491 476 497 486 483 478 471 386 423 130
247 244 239 250 525 258 241 12 19 14 35 2 9 4 51 492 495 510 501 490 513 498 487 460 479 300 385
238 91 246 259 242 251 18 55 36 11 8 15 38 69 66 269 502 493 496 511 500 489 514 387 422 129 390
245 260 243 526 263 524 257 252 17 54 37 68 1 52 503 494 537 518 509 540 515 512 499 488 389 384 301
92 527 262 645 530 621 264 523 256 253 16 53 504 67 268 519 508 543 538 517 554 541 388 421 356 391 128
261 646 529 622 649 644 531 620 265 522 505 254 267 520 507 536 571 556 559 542 539 516 553 402 383 302 355
528 93 648 653 666 623 650 643 532 255 266 521 506 535 572 575 578 561 544 555 558 403 420 357 392 127 364
647 654 665 662 651 680 667 624 619 642 533 600 607 576 579 584 573 570 557 560 545 552 401 382 363 354 303
94 661 652 679 664 669 690 681 638 625 618 641 534 599 574 577 564 581 562 569 404 419 358 393 352 365 126
655 672 663 670 689 678 685 668 691 682 639 606 601 608 585 580 583 568 565 546 551 400 381 362 359 304 353
660 95 688 677 686 697 710 707 684 637 626 617 640 605 598 567 586 563 582 405 418 361 394 351 366 125 342
673 656 671 698 711 708 703 696 715 692 683 636 627 602 609 604 591 566 547 550 399 380 375 360 343 336 305
96 659 676 687 704 713 724 709 706 695 628 693 616 631 592 597 548 587 406 417 376 395 344 367 350 341 124
657 674 699 712 725 702 705 714 729 716 635 630 595 610 603 590 409 416 549 398 379 374 349 340 335 306 337
322 97 658 675 700 727 718 723 634 629 694 615 632 593 596 415 588 407 410 373 396 377 368 345 338 123 308
103 100 323 726 719 722 701 728 717 614 633 594 611 414 589 408 411 372 397 378 369 348 339 334 307 120 117
98 321 102 105 324 319 720 107 326 317 612 109 328 315 412 111 330 313 370 113 332 311 346 115 118 309 122
101 104 99 320 721 106 325 318 613 108 327 316 413 110 329 314 371 112 331 312 347 114 333 310 121 116 119
